dropoutpower
seed1: 54.943043444622035
seed2: 54.60308448552051
seed3: 55.0696499566556
seed4: 55.081848809831534
seed5: 53.96620324212548
seed42: 54.699791718319474
seed43: 54.35135290776699
seed44: 55.040148513893946
seed45: 56.46690440143414 <-
seed46: 54.90492587493253

dropouttrain
seed1: 54.04520345489107
seed2: 54.888317850680764
seed3: 54.60970703410052
seed4: 53.490518303994534
seed5: 52.92505420247195
seed42: 53.99179445789615
seed43: 54.011884100784066
seed44: 53.53610245102435
seed45: 55.525814531713515 <-
seed46: 53.41905500429928

dropoutpower is SUPERIOR