lr1e-3
seed42: 56.020180200140324
seed43: 55.5682006010188
seed44: 55.81243922553327
seed45: 55.50057279660138
seed46: 55.696270975433485
avg: 55.719532759745

lr1e-4:
seed42: 56.27262392716031
seed43: 55.32569619184774
seed44: 55.7225237866647
seed45: 55.43551004833822
seed46: 56.19800870756337
avg: 55.790872532315
