lower bound: 55.371868081822
run1: 55.49046731059
run2: 55.440350904957
run3: 55.468310236838
upper bound: 55.569702708453