lr1e-3, max over tokendrop iter
seed42: 54.64874336426347
seed43: 54.275693642177536
seed44: 54.06944510384192
seed45: 56.341724385925104
seed46: 54.12264089565517
average to 54.691649478373